total_accuracy: 0.7268857256884396
precision: [0.70031546 0.85707502 0.76530612 0.60683761]
recall: [0.67682927 0.99889319 0.56451613 0.6214442 ]
f1: [0.68837209 0.92256581 0.64975248 0.61405405]
support: [2952 1807  930 1828]
prec_avg: 0.7233071221713241
rec_avg: 0.7268857256884396
ConfMatrix: [[1998  165   57  732]
 [   2 1805    0    0]
 [ 364   37  525    4]
 [ 489   99  104 1136]]
LGR_ACC: 0.550485566050286
LP_LGR_ACC: 0.48982306771318346
