total_accuracy: 0.48369926813040587
precision: [0.46328314 0.59176955 0.16346154 0.49816401]
recall: [0.84474576 0.39833795 0.01827957 0.22240437]
f1: [0.59839116 0.47615894 0.03288201 0.30751794]
support: [2950 1805  930 1830]
prec_avg: 0.4655340875652255
rec_avg: 0.48369926813040587
ConfMatrix: [[2492  220   24  214]
 [ 892  719   30  164]
 [ 739  142   17   32]
 [1256  134   33  407]]
LGR_ACC: 0.46187624750499
LP_LGR_ACC: 0.4436460412508317
